18
87
58
96
98
51
24
65
23
71
22
86
94
43
99
58
13
79
28
94
32
21
77
43
97
31
38
27
57
38
66
12
35
39
16
76
41
88
59
88
25
17
94
67
33
29
88
48
76
91
58
28
98
77
97
68
81
29
99
61
11
99
73
44
82
26
32
66
88
75
33
71
11
88
74
44
55
33
88
86
22
56
56
22
43
41
22
63
56
33
71
99
48
73
85
82
59
95
65
53
22
46
86
47
12
18
49
72
24
39
85
39
19
98
98
11
59
83
54
18
61
34
52
65
39
54
43
92
99
43
82
96
93
31
55
41
38
41
16
53
44
79
99
53
87
44
64
97
65
19
87
17
84
32
63
64
29
68
17
19
46
31
19
86
43
46
27
89
95
49
61
74
45
89
91
32
51
78
87
82
52
62
62
99
31
93
49
63
15
25
15
13
59
57
41
76
99
99
71
16
45
82
53
48
66
46
22
11
16
34
26
88
45
88
22
37
84
64
95
89
33
88
16
34
98
49
19
38
13
45
22
47
36
97
82
51
75
56
67
58
22
69
92
84
19
44
22
52
66
46
42
58
54
63
83
54
69
37
72
49
97
34
12
18
44
68
75
18
21
38
11
64
11
75
21
24
87
76
77
77
39
77
41
87
85
55
25
72
44
62
16
21
61
18
81
71
34
57
15
23
79
88
38
86
61
15
39
47
55
15
64
19
27
78
22
58
22
38
52
93
39
65
61
94
82
92
52
54
28
63
21
11
59
55
86
33
23
52
59
49
56
76
71
51
14
69
68
63
88
64
88
14
52
43
89
55
95
24
12
99
63
89
54
69
78
92
26
75
12
88
59
53
98
32
72
92
78
92
79
95
21
54
93
44
18
41
56
53
19
11
92
69
11
99
69
75
17
81
21
91
16
49
95
64
39
62
45
42
55
72
85
82
14
99
86
82
69
27
77
78
69
11
19
62
88
42
72
42
23
52
22
26
84
13
78
91
82
82
42
38
12
54
18
86
67
45
15
59
16
73
34
32
53
56
53
82
94
49
56
64
25
74
36
33
81
14
19
64
41
87
65
39
56
25
89
98
16
32
59
54
88
84
68
37
66
98
65
93
23
32
44
91
25
69
62
81
22
14
35
96
89
62
94
15
39
82
63
95
75
66
35
88
35
63
18
33
57
28
93
55
27
22
56
72
81
22
59
73
38
11
37
87
88
23
91
97
87
18
81
64
97
99
79
31
69
91
16
77
57
18
96
84
37
62
23
91
98
37
11
54
28
28
14
12
41
42
62
77
18
58
66
92
34
84
59
54
56
34
35
44
34
22
39
44
79
53
33
25
15
52
32
17
32
84
46
12
69
62
86
22
12
11
38
62
34
51
42
32
22
88
45
42
44
74
77
12
59
28
71
18
49
55
25
22
41
49
62
16
75
36
13
95
44
95
97
41
27
35
94
13
15
63
23
59
66
77
13
85
43
56
45
54
86
45
33
45
88
52
51
91
39
43
88
31
93
33
92
61
44
92
32
37
13
33
59
53
43
85
53
55
15
34
64
13
44
17
35
81
15
52
89
64
35
96
65
61
58
79
88
46
36
77
37
32
22
27
84
84
47
22
75
66
86
83
78
53
55
71
29
47
77
67
54
88
77
99
55
51
85
84
62
38
17
31
28
93
71
67
56
77
39
26
84
92
76
63
15
21
58
34
27
74
86
98
15
53
27
58
65
46
42
32
86
66
98
62
53
97
32
77
55
13
75
19
68
35
49
51
66
82
13
95
87
32
19
63
77
65
15
81
88
55
89
91
42
65
75
51
86
17
16
24
52
57
58
48
73
39
44
63
87
29
16
68
86
27
13
75
66
88
79
83
18
97
88
29
23
74
53
36
28
27
17
84
23
34
12
57
66
34
42
44
66
45
29
75
73
88
83
77
78
29
17
57
68
82
21
99
45
14
39
39
22
92
18
99
71
54
25
44
57
97
35
64
66
48
51
83
67
48
57
22
57
81
76
41
32
51
49
91
76
32
64
92
11
78
17
22
69
44
11
49
36
73
68
46
78
28
89
56
12
87
42
76
77
62
13
54
19
36
27
77
38
47
85
61
11
84
48
22
23
22
87
48
98
53
44
89
34
97
31
44
13
78
92
26
42
54
91
37
33
63
86
26
94
25
21
21
22
11
13
79
19
61
88
73
88
94
86
69
21
15
73
37
63
15
16
72
78
62
78
98
83
64
25
96
78
25
58
36
78
85
77
99
78
47
18
44
91
35